[gd_scene load_steps=4 format=3 uid="uid://bdcxupu1qkl5y"]

[ext_resource type="PackedScene" uid="uid://diq0a06oged34" path="res://Assets/Adventurer.glb" id="1_4flbx"]
[ext_resource type="Script" uid="uid://dehtlaw0jp88k" path="res://entities/player/player.gd" id="1_onrkg"]

[sub_resource type="BoxShape3D" id="BoxShape3D_4flbx"]
size = Vector3(0.6771164, 0.98950195, 0.75)

[node name="Player" type="CharacterBody3D"]
collision_mask = 2
script = ExtResource("1_onrkg")

[node name="RootScene" parent="." instance=ExtResource("1_4flbx")]
transform = Transform3D(0.9999995, 0, -0.0010646025, 0, 1, 0, 0.0010646025, 0, 0.9999995, 0, -0.03169012, 0)

[node name="Skeleton3D" parent="RootScene/RootNode/CharacterArmature" index="0"]
bones/1/position = Vector3(-0.00018923584, 0.007907601, -0.0004560566)
bones/1/rotation = Quaternion(-0.006056127, -0.32731274, -9.55834e-05, 0.9448967)
bones/3/rotation = Quaternion(0.047781564, 4.550379e-07, 3.129325e-08, 0.9988578)
bones/4/rotation = Quaternion(0.110081516, -0.114379905, 0.015578654, 0.9871964)
bones/5/rotation = Quaternion(0.033478014, 0.07520994, -0.0066101444, 0.9965837)
bones/6/rotation = Quaternion(0.0026541944, 0.13256136, -0.036681756, 0.9904922)
bones/7/rotation = Quaternion(-0.03406471, 0.10267108, 0.026454857, 0.9937799)
bones/8/position = Vector3(0.000987475, 0.00029017543, 0.0002127572)
bones/9/rotation = Quaternion(0.53601104, -0.06940377, -0.4847632, -0.6876627)
bones/10/rotation = Quaternion(-0.3548489, -0.0917618, -0.6640384, 0.6517017)
bones/11/rotation = Quaternion(-0.009445365, 0.02238164, -0.07979546, 0.9965152)
bones/13/rotation = Quaternion(-0.7411931, -0.09164889, 0.045829695, 0.6634251)
bones/14/rotation = Quaternion(-0.6206769, 0.0074643893, -0.014044741, 0.7839051)
bones/15/rotation = Quaternion(-0.8679256, 0.06413359, -0.21631959, 0.44249052)
bones/17/rotation = Quaternion(-0.74697685, 0.029510373, -0.0334434, 0.6633524)
bones/18/rotation = Quaternion(-0.64134526, -0.036997207, -0.08013326, 0.762159)
bones/19/rotation = Quaternion(-0.92338574, -0.04607295, -0.06391749, 0.3757005)
bones/21/rotation = Quaternion(-0.72978765, 0.13275757, -0.10216306, 0.66283345)
bones/22/rotation = Quaternion(-0.5404195, 0.08071979, -0.26405683, 0.7947988)
bones/23/rotation = Quaternion(-0.6946696, 0.0092161745, -0.52125216, 0.49562633)
bones/25/rotation = Quaternion(-0.6339216, 0.24059205, -0.15566994, 0.71834934)
bones/26/rotation = Quaternion(-0.64784056, -0.11286862, -0.1343061, 0.7412996)
bones/27/rotation = Quaternion(-0.8742622, -0.04228894, 0.00056763925, 0.4836082)
bones/28/rotation = Quaternion(-0.042372175, 0.43340355, -0.28357092, 0.8543732)
bones/29/rotation = Quaternion(0.15373163, 0.025931438, 0.07716768, 0.98475343)
bones/30/rotation = Quaternion(-0.3700769, -0.092699155, 0.37526247, 0.8447651)
bones/31/position = Vector3(-0.0009804788, 0.00029017526, 0.00021275859)
bones/31/rotation = Quaternion(-0.45619926, 0.84023166, 0.10690742, 0.27288058)
bones/32/rotation = Quaternion(-0.60367346, -0.15787919, 0.097958826, 0.77527833)
bones/33/rotation = Quaternion(-0.14694263, 0.120601624, 0.8532901, 0.48555052)
bones/34/rotation = Quaternion(0.0017917836, -0.013192258, 0.033002276, 0.99936664)
bones/36/rotation = Quaternion(-0.74119323, 0.091648884, -0.04582968, 0.6634251)
bones/37/rotation = Quaternion(-0.6206769, -0.0074643763, 0.014044743, 0.7839051)
bones/38/rotation = Quaternion(-0.8679256, -0.06413358, 0.21631965, 0.4424905)
bones/40/rotation = Quaternion(-0.74697685, -0.029510375, 0.033443417, 0.6633523)
bones/41/rotation = Quaternion(-0.64134526, 0.036997207, 0.08013324, 0.76215893)
bones/42/rotation = Quaternion(-0.92338574, 0.04607291, 0.06391747, 0.37570047)
bones/44/rotation = Quaternion(-0.72978765, -0.13275751, 0.10216302, 0.6628335)
bones/45/rotation = Quaternion(-0.5404195, -0.08071983, 0.26405674, 0.79479873)
bones/46/rotation = Quaternion(-0.6946696, -0.009216228, 0.52125216, 0.49562633)
bones/47/rotation = Quaternion(0.017032543, 0.07191999, -0.2263589, 0.9712359)
bones/48/rotation = Quaternion(-0.6339216, -0.24059208, 0.15566994, 0.7183493)
bones/49/rotation = Quaternion(-0.6478405, 0.11286863, 0.1343061, 0.7412997)
bones/50/rotation = Quaternion(-0.8742623, 0.042289007, -0.0005676346, 0.48360813)
bones/51/rotation = Quaternion(-0.042372063, -0.43340358, 0.28357098, 0.85437316)
bones/52/rotation = Quaternion(0.15373158, -0.025931315, -0.07716766, 0.98475343)
bones/53/rotation = Quaternion(-0.3700769, 0.092699096, -0.37526232, 0.8447651)
bones/54/rotation = Quaternion(-0.62296283, 0.14127329, 0.739509, -0.21233407)
bones/55/rotation = Quaternion(0.26985607, 0.6535882, -0.2698559, 0.6535886)
bones/56/rotation = Quaternion(0.63566935, 0.032573756, 0.75695026, 0.14795248)
bones/57/rotation = Quaternion(0.2557598, -0.6592319, 0.25575963, 0.6592323)
bones/58/position = Vector3(0.0006850705, 0.00022751733, 0.0014178429)
bones/58/rotation = Quaternion(0.704033, -0.04096898, 0.040789854, 0.7078102)
bones/59/position = Vector3(-0.0023527974, 0.0025337362, 0.006953492)
bones/60/position = Vector3(-0.0012059145, 0.00022751733, -0.0026411954)
bones/60/rotation = Quaternion(0.6144137, -0.34804395, 0.3461533, 0.61768866)
bones/61/position = Vector3(-0.0056821927, 0.0062651206, 0.0022707628)

[node name="Head" parent="RootScene/RootNode/CharacterArmature/Skeleton3D" index="0"]
transform = Transform3D(0.95461243, -0.15282777, -0.2556523, -0.2732327, -0.10765061, -0.9559052, 0.11856782, 0.98237205, -0.14452228, -0.00091270346, -0.0008460308, 0.0150386775)

[node name="Index4_L" parent="RootScene/RootNode/CharacterArmature/Skeleton3D" index="1"]
transform = Transform3D(-0.21996455, 0.41406047, 0.8832715, 0.1361414, -0.8835567, 0.44809836, 0.96596074, 0.21881543, 0.1379806, -0.001095496, -0.004871595, 0.013234964)

[node name="Middle4_L" parent="RootScene/RootNode/CharacterArmature/Skeleton3D" index="2"]
transform = Transform3D(0.09948522, 0.25988254, 0.96050143, 0.25338945, -0.94008374, 0.2281132, 0.96223456, 0.22068703, -0.159376, -0.0010947672, -0.004881686, 0.012997974)

[node name="Ring4_L" parent="RootScene/RootNode/CharacterArmature/Skeleton3D" index="3"]
transform = Transform3D(-0.5013496, 0.57702434, 0.6447409, -0.28942993, -0.8140693, 0.5035088, 0.8154007, 0.065826654, 0.5751416, -0.0011751945, -0.0049683587, 0.012803559)

[node name="Pinky4_L" parent="RootScene/RootNode/CharacterArmature/Skeleton3D" index="4"]
transform = Transform3D(0.10672561, 0.62638676, 0.77217126, 0.14094189, -0.7782953, 0.61187506, 0.9842479, 0.043528393, -0.17134798, -0.0011794769, -0.005083015, 0.012561976)

[node name="Thumb3_L" parent="RootScene/RootNode/CharacterArmature/Skeleton3D" index="5"]
transform = Transform3D(-0.57642, -0.57778126, 0.57784784, 0.29399696, -0.8064296, -0.51306546, 0.7624333, -0.12585595, 0.6347083, -0.0009775319, -0.004894334, 0.0135500515)

[node name="Index4_R" parent="RootScene/RootNode/CharacterArmature/Skeleton3D" index="6"]
transform = Transform3D(-0.7843006, -0.42752644, -0.44954625, -0.3594337, -0.27746987, 0.8909638, -0.5056469, 0.8603661, 0.06395294, -0.0017190996, -0.0023695803, 0.014459082)

[node name="Middle4_R" parent="RootScene/RootNode/CharacterArmature/Skeleton3D" index="7"]
transform = Transform3D(-0.57674265, -0.32729042, -0.74849707, -0.6286376, -0.40732524, 0.66249514, -0.52171034, 0.8526232, 0.029175252, -0.0018651738, -0.0024731727, 0.014303526)

[node name="Ring4_R" parent="RootScene/RootNode/CharacterArmature/Skeleton3D" index="8"]
transform = Transform3D(-0.783275, -0.62163085, 0.0074112862, 0.16413648, -0.19528934, 0.966913, -0.5996157, 0.75857574, 0.25499755, -0.0019467043, -0.0026605583, 0.01420344)

[node name="Pinky4_R" parent="RootScene/RootNode/CharacterArmature/Skeleton3D" index="9"]
transform = Transform3D(-0.5527581, -0.6617824, -0.5064599, -0.5639803, -0.15034261, 0.81198657, -0.61350155, 0.73446614, -0.2901289, -0.0021214022, -0.0028415027, 0.014112518)

[node name="Thumb3_R" parent="RootScene/RootNode/CharacterArmature/Skeleton3D" index="10"]
transform = Transform3D(-0.9725917, 0.12732725, -0.19455558, -0.17417033, -0.95328367, 0.24680692, -0.15404145, 0.273928, 0.9493334, -0.0016239171, -0.0021863896, 0.014725718)

[node name="LowerLeg_L" parent="RootScene/RootNode/CharacterArmature/Skeleton3D" index="11"]
transform = Transform3D(0.88506293, 0.1671054, 0.4343933, -0.46188614, 0.20066823, 0.86393374, 0.0571977, -0.9653015, 0.25479442, -0.00016902277, -0.0031663852, 0.0051612733)

[node name="LowerLeg_R" parent="RootScene/RootNode/CharacterArmature/Skeleton3D" index="12"]
transform = Transform3D(0.6457666, 0.25788903, 0.71864897, -0.75184244, 0.37864026, 0.53975385, -0.13290931, -0.8888894, 0.43841657, -0.0025240078, -1.6936334e-05, 0.004770652)

[node name="Foot_L" parent="RootScene/RootNode/CharacterArmature/Skeleton3D" index="13"]
transform = Transform3D(0.99331546, -0.11542973, -0.0005617203, -0.11543108, -0.99330115, -0.0053180447, 5.590657e-05, 0.0053473716, -0.9999855, 0.0006850709, -0.0021407292, 0.00022751714)

[node name="PT_L" parent="RootScene/RootNode/CharacterArmature/Skeleton3D" index="14"]
transform = Transform3D(1, -1.2748906e-09, 6.794929e-05, 6.7948306e-05, 0.0053473976, -0.99998564, -3.6207695e-07, 0.99998564, 0.0053473976, -0.0023527958, -0.007676379, 0.002533735)

[node name="Foot_R" parent="RootScene/RootNode/CharacterArmature/Skeleton3D" index="15"]
transform = Transform3D(0.51808685, -0.8553157, -0.004602968, -0.85532796, -0.5180797, -0.002722443, -5.610052e-05, 0.0053474875, -0.9999857, -0.0012059151, 0.0019183084, 0.00022751764)

[node name="PT_R" parent="RootScene/RootNode/CharacterArmature/Skeleton3D" index="16"]
transform = Transform3D(1, -1.2749048e-09, -6.794928e-05, -6.79483e-05, 0.0053473976, -0.99998564, 3.6462674e-07, 0.99998564, 0.0053473976, -0.0056821923, -0.0029936512, 0.0062651196)

[node name="CollisionShape3D" type="CollisionShape3D" parent="."]
transform = Transform3D(1, 0, 0, 0, 1.8796375, 0, 0, 0, 1, 0.014698029, 0.8951397, 0.113092184)
shape = SubResource("BoxShape3D_4flbx")

[editable path="RootScene"]
